dimwishlist:item=2852052802&perks=839105230,1968497646,1583705720,4049631843
dimwishlist:item=2852052802&perks=839105230,1968497646,1820235745,4049631843
dimwishlist:item=927567426&perks=1840239774,3230963543,1409206216,859780267
dimwishlist:item=927567426&perks=1840239774,3230963543,1409206216,4049631843
dimwishlist:item=927567426&perks=1840239774,3230963543,1583705720,859780267
dimwishlist:item=927567426&perks=1840239774,3230963543,1583705720,4049631843
dimwishlist:item=2119346509&perks=839105230,1561002382,1409206216,859780267
dimwishlist:item=2119346509&perks=839105230,1561002382,1409206216,4049631843
dimwishlist:item=2119346509&perks=839105230,1561002382,1583705720,859780267
dimwishlist:item=2119346509&perks=839105230,1561002382,1583705720,4049631843
dimwishlist:item=424291879&perks=839105230,3230963543,2541826827,4290541820
dimwishlist:item=424291879&perks=839105230,3230963543,2541826827,2610012052
dimwishlist:item=424291879&perks=839105230,3230963543,2541826827,2562668800
dimwishlist:item=424291879&perks=839105230,3230963543,2541826827,3324494224
dimwishlist:item=424291879&perks=839105230,3230963543,776531651,4290541820
dimwishlist:item=424291879&perks=839105230,3230963543,776531651,2610012052
dimwishlist:item=424291879&perks=839105230,3230963543,776531651,2562668800
dimwishlist:item=424291879&perks=839105230,3230963543,776531651,3324494224
dimwishlist:item=424291879&perks=839105230,3230963543,169755979,4290541820
dimwishlist:item=424291879&perks=839105230,3230963543,169755979,2610012052
dimwishlist:item=424291879&perks=839105230,3230963543,169755979,2562668800
dimwishlist:item=424291879&perks=839105230,3230963543,169755979,3324494224
dimwishlist:item=424291879&perks=839105230,3230963543,2848615171,4290541820
dimwishlist:item=424291879&perks=839105230,3230963543,2848615171,2610012052
dimwishlist:item=424291879&perks=839105230,3230963543,2848615171,2562668800
dimwishlist:item=424291879&perks=839105230,3230963543,2848615171,3324494224
dimwishlist:item=3472875143&perks=2801223209,3429800428,201365942,4104185692
dimwishlist:item=2721249463&perks=2801223209,16392701,1551736345,859780267
dimwishlist:item=2721249463&perks=2801223209,16392701,1551736345,4049631843
dimwishlist:item=2721249463&perks=2801223209,16392701,3365897133,859780267
dimwishlist:item=2721249463&perks=2801223209,16392701,3365897133,4049631843
dimwishlist:item=2721249463&perks=2801223209,16392701,3523746922,859780267
dimwishlist:item=2721249463&perks=2801223209,16392701,3523746922,4049631843
dimwishlist:item=2721249463&perks=2801223209,16392701,201365942,859780267
dimwishlist:item=2721249463&perks=2801223209,16392701,201365942,4049631843
dimwishlist:item=232928045&perks=2801223209,3429800428,3523746922,1551736345
dimwishlist:item=232928045&perks=2801223209,3429800428,3523746922,3365897133
dimwishlist:item=232928045&perks=2801223209,3429800428,3523746922,617966211
dimwishlist:item=232928045&perks=2801223209,3429800428,3523746922,2652708987
dimwishlist:item=232928045&perks=2801223209,3429800428,201365942,1551736345
dimwishlist:item=232928045&perks=2801223209,3429800428,201365942,3365897133
dimwishlist:item=232928045&perks=2801223209,3429800428,201365942,617966211
dimwishlist:item=232928045&perks=2801223209,3429800428,201365942,2652708987
dimwishlist:item=1399109800&perks=2801223209,3429800428,3523746922,1551736345
dimwishlist:item=1399109800&perks=2801223209,3429800428,3523746922,3365897133
dimwishlist:item=1399109800&perks=2801223209,3429800428,3523746922,859780267
dimwishlist:item=1399109800&perks=2801223209,3429800428,3523746922,4049631843
dimwishlist:item=1399109800&perks=2801223209,3429800428,201365942,1551736345
dimwishlist:item=1399109800&perks=2801223209,3429800428,201365942,3365897133
dimwishlist:item=1399109800&perks=2801223209,3429800428,201365942,859780267
dimwishlist:item=1399109800&perks=2801223209,3429800428,201365942,4049631843
dimwishlist:item=1399109800&perks=2801223209,3429800428,1409206216,1551736345
dimwishlist:item=1399109800&perks=2801223209,3429800428,1409206216,3365897133
dimwishlist:item=1399109800&perks=2801223209,3429800428,1409206216,859780267
dimwishlist:item=1399109800&perks=2801223209,3429800428,1409206216,4049631843
dimwishlist:item=1399109800&perks=2801223209,3429800428,1583705720,1551736345
dimwishlist:item=1399109800&perks=2801223209,3429800428,1583705720,3365897133
dimwishlist:item=1399109800&perks=2801223209,3429800428,1583705720,859780267
dimwishlist:item=1399109800&perks=2801223209,3429800428,1583705720,4049631843
dimwishlist:item=3849444474&perks=2801223209,3429800428,169755979,3007133316
dimwishlist:item=3849444474&perks=2801223209,3429800428,169755979,4104185692
dimwishlist:item=3849444474&perks=2801223209,3429800428,169755979,1551736345
dimwishlist:item=3849444474&perks=2801223209,3429800428,169755979,3365897133
dimwishlist:item=3849444474&perks=2801223209,3429800428,2848615171,3007133316
dimwishlist:item=3849444474&perks=2801223209,3429800428,2848615171,4104185692
dimwishlist:item=3849444474&perks=2801223209,3429800428,2848615171,1551736345
dimwishlist:item=3849444474&perks=2801223209,3429800428,2848615171,3365897133
dimwishlist:item=3849444474&perks=2801223209,3429800428,3523746922,3007133316
dimwishlist:item=3849444474&perks=2801223209,3429800428,3523746922,4104185692
dimwishlist:item=3849444474&perks=2801223209,3429800428,3523746922,1551736345
dimwishlist:item=3849444474&perks=2801223209,3429800428,3523746922,3365897133
dimwishlist:item=3849444474&perks=2801223209,3429800428,201365942,3007133316
dimwishlist:item=3849444474&perks=2801223209,3429800428,201365942,4104185692
dimwishlist:item=3849444474&perks=2801223209,3429800428,201365942,1551736345
dimwishlist:item=3849444474&perks=2801223209,3429800428,201365942,3365897133
dimwishlist:item=1216319404&perks=1840239774,3230963543,3038247973,4104185692
dimwishlist:item=2888266564&perks=1840239774,1968497646,3523296417,4049631843
dimwishlist:item=2888266564&perks=1840239774,1968497646,1583705720,4049631843
dimwishlist:item=431721920&perks=1840239774,3230963543,64866129,859780267
dimwishlist:item=431721920&perks=1840239774,3230963543,64866129,4049631843
dimwishlist:item=431721920&perks=1840239774,3230963543,64866129,2675184851
dimwishlist:item=431721920&perks=1840239774,3230963543,64866129,4293542123
dimwishlist:item=431721920&perks=1840239774,3230963543,3038247973,859780267
dimwishlist:item=431721920&perks=1840239774,3230963543,3038247973,4049631843
dimwishlist:item=431721920&perks=1840239774,3230963543,3038247973,2675184851
dimwishlist:item=431721920&perks=1840239774,3230963543,3038247973,4293542123
dimwishlist:item=1731355324&perks=1840239774,1140096971,1409206216,859780267
dimwishlist:item=1731355324&perks=1840239774,1140096971,1409206216,4049631843
dimwishlist:item=1731355324&perks=1840239774,1140096971,1583705720,859780267
dimwishlist:item=1731355324&perks=1840239774,1140096971,1583705720,4049631843
dimwishlist:item=1731355324&perks=1840239774,1140096971,4245865861,859780267
dimwishlist:item=1731355324&perks=1840239774,1140096971,4245865861,4049631843
dimwishlist:item=1731355324&perks=1840239774,1140096971,1820235745,859780267
dimwishlist:item=1731355324&perks=1840239774,1140096971,1820235745,4049631843
dimwishlist:item=3281285075&perks=1840239774,3230963543,1720528630,3007133316
dimwishlist:item=3281285075&perks=1840239774,3230963543,1720528630,4104185692
dimwishlist:item=3281285075&perks=1840239774,3230963543,1720528630,1545231802
dimwishlist:item=3281285075&perks=1840239774,3230963543,1720528630,3201496230
dimwishlist:item=3281285075&perks=1840239774,3230963543,2173046394,3007133316
dimwishlist:item=3281285075&perks=1840239774,3230963543,2173046394,4104185692
dimwishlist:item=3281285075&perks=1840239774,3230963543,2173046394,1545231802
dimwishlist:item=3281285075&perks=1840239774,3230963543,2173046394,3201496230
dimwishlist:item=120706239&perks=1840239774,1561002382,1906147653,2422968039
dimwishlist:item=120706239&perks=1840239774,1561002382,1906147653,11612903
dimwishlist:item=120706239&perks=1840239774,1561002382,1906147653,332733060
dimwishlist:item=120706239&perks=1840239774,1561002382,1906147653,555281244
dimwishlist:item=120706239&perks=1840239774,1561002382,3523296417,2422968039
dimwishlist:item=120706239&perks=1840239774,1561002382,3523296417,11612903
dimwishlist:item=120706239&perks=1840239774,1561002382,3523296417,332733060
dimwishlist:item=120706239&perks=1840239774,1561002382,3523296417,555281244
dimwishlist:item=120706239&perks=1840239774,1561002382,169755979,2422968039
dimwishlist:item=120706239&perks=1840239774,1561002382,169755979,11612903
dimwishlist:item=120706239&perks=1840239774,1561002382,169755979,332733060
dimwishlist:item=120706239&perks=1840239774,1561002382,169755979,555281244
dimwishlist:item=120706239&perks=1840239774,1561002382,2848615171,2422968039
dimwishlist:item=120706239&perks=1840239774,1561002382,2848615171,11612903
dimwishlist:item=120706239&perks=1840239774,1561002382,2848615171,332733060
dimwishlist:item=120706239&perks=1840239774,1561002382,2848615171,555281244
dimwishlist:item=2221264583&perks=839105230,3230963543,2402480669,859780267
dimwishlist:item=2221264583&perks=839105230,3230963543,2402480669,4049631843
dimwishlist:item=2221264583&perks=839105230,3230963543,2896038713,859780267
dimwishlist:item=2221264583&perks=839105230,3230963543,2896038713,4049631843
dimwishlist:item=2221264583&perks=839105230,3230963543,1906147653,859780267
dimwishlist:item=2221264583&perks=839105230,3230963543,1906147653,4049631843
dimwishlist:item=2221264583&perks=839105230,3230963543,3523296417,859780267
dimwishlist:item=2221264583&perks=839105230,3230963543,3523296417,4049631843
dimwishlist:item=3428521585&perks=839105230,3230963543,169755979,859780267
dimwishlist:item=3428521585&perks=839105230,3230963543,169755979,4049631843
dimwishlist:item=3428521585&perks=839105230,3230963543,2848615171,859780267
dimwishlist:item=3428521585&perks=839105230,3230963543,2848615171,4049631843
dimwishlist:item=3428521585&perks=839105230,3230963543,1409206216,859780267
dimwishlist:item=3428521585&perks=839105230,3230963543,1409206216,4049631843
dimwishlist:item=3428521585&perks=839105230,3230963543,1583705720,859780267
dimwishlist:item=3428521585&perks=839105230,3230963543,1583705720,4049631843
dimwishlist:item=2342054803&perks=839105230,3230963543,1583705720,4049631843
dimwishlist:item=2342054803&perks=839105230,3230963543,3108830275,4049631843
dimwishlist:item=2276328320&perks=2467967826,3230963543,776531651,2610012052
dimwishlist:item=1937552980&perks=1840239774,3230963543,64866129,859780267
dimwishlist:item=1937552980&perks=1840239774,3230963543,64866129,4049631843
dimwishlist:item=1937552980&perks=1840239774,3230963543,3038247973,859780267
dimwishlist:item=1937552980&perks=1840239774,3230963543,3038247973,4049631843
dimwishlist:item=1019000888&perks=1840239774,3230963543,1583705720,4049631843
dimwishlist:item=1019000888&perks=1840239774,3230963543,1583705720,3038247973
dimwishlist:item=1019000888&perks=1840239774,3230963543,247725512,4049631843
dimwishlist:item=1019000888&perks=1840239774,3230963543,247725512,3038247973
dimwishlist:item=1927800278&perks=1840239774,1561002382,247725512,4049631843
dimwishlist:item=690668916&perks=1840239774,1561002382,3592538738,4104185692
dimwishlist:item=2218569744&perks=1840239774,3230963543,2840833776,64866129
dimwishlist:item=2218569744&perks=1840239774,3230963543,2840833776,3038247973
dimwishlist:item=2218569744&perks=1840239774,3230963543,3700496672,64866129
dimwishlist:item=2218569744&perks=1840239774,3230963543,3700496672,3038247973
dimwishlist:item=2218569744&perks=1840239774,3230963543,1906147653,64866129
dimwishlist:item=2218569744&perks=1840239774,3230963543,1906147653,3038247973
dimwishlist:item=2218569744&perks=1840239774,3230963543,3523296417,64866129
dimwishlist:item=2218569744&perks=1840239774,3230963543,3523296417,3038247973
dimwishlist:item=2566006935&perks=202670084,1561002382,691659142,2610012052
dimwishlist:item=2566006935&perks=202670084,1561002382,691659142,776531651
dimwishlist:item=2566006935&perks=202670084,1561002382,4071163871,2610012052
dimwishlist:item=2566006935&perks=202670084,1561002382,4071163871,776531651
dimwishlist:item=2149683300&perks=1840239774,3230963543,494941759,781192741
dimwishlist:item=2149683300&perks=1840239774,3230963543,494941759,3708227201
dimwishlist:item=2149683300&perks=1840239774,3230963543,4071163871,781192741
dimwishlist:item=2149683300&perks=1840239774,3230963543,4071163871,3708227201
dimwishlist:item=174192097&perks=1840239774,3230963543,855168139,781192741
dimwishlist:item=174192097&perks=1840239774,3230963543,855168139,3708227201
dimwishlist:item=174192097&perks=1840239774,3230963543,3108830275,781192741
dimwishlist:item=174192097&perks=1840239774,3230963543,3108830275,3708227201
dimwishlist:item=174192097&perks=1840239774,3230963543,494941759,781192741
dimwishlist:item=174192097&perks=1840239774,3230963543,494941759,3708227201
dimwishlist:item=174192097&perks=1840239774,3230963543,4071163871,781192741
dimwishlist:item=174192097&perks=1840239774,3230963543,4071163871,3708227201
dimwishlist:item=294129361&perks=1840239774,1561002382,1583705720,4049631843
dimwishlist:item=3886416794&perks=1840239774,3230963543,4245865861,3007133316
dimwishlist:item=3886416794&perks=1840239774,3230963543,4245865861,4104185692
dimwishlist:item=3886416794&perks=1840239774,3230963543,1820235745,3007133316
dimwishlist:item=3886416794&perks=1840239774,3230963543,1820235745,4104185692
dimwishlist:item=2349907931&perks=1840239774,1561002382,1820235745,4049631843
dimwishlist:item=2988121501&perks=1840239774,1561002382,3523296417,2610012052
dimwishlist:item=2988121501&perks=1840239774,1561002382,3523296417,3708227201
dimwishlist:item=2988121501&perks=1840239774,1561002382,4071163871,2610012052
dimwishlist:item=2988121501&perks=1840239774,1561002382,4071163871,3708227201
dimwishlist:item=3000847393&perks=1840239774,1561002382,3523296417,2610012052
dimwishlist:item=3000847393&perks=1840239774,1561002382,3523296417,11612903
dimwishlist:item=768621510&perks=839105230,689005463,1008128453,781192741
dimwishlist:item=768621510&perks=839105230,689005463,1008128453,3708227201
dimwishlist:item=768621510&perks=839105230,689005463,1799762209,781192741
dimwishlist:item=768621510&perks=839105230,689005463,1799762209,3708227201
dimwishlist:item=3969066556&perks=839105230,689005463,1008128453,781192741
dimwishlist:item=3969066556&perks=839105230,689005463,1008128453,3708227201
dimwishlist:item=3969066556&perks=839105230,689005463,1799762209,781192741
dimwishlist:item=3969066556&perks=839105230,689005463,1799762209,3708227201
dimwishlist:item=3591141932&perks=839105230,1483536627,461595545,2037312142
dimwishlist:item=3591141932&perks=839105230,1483536627,461595545,2594592626
dimwishlist:item=3591141932&perks=839105230,1483536627,1523832109,2037312142
dimwishlist:item=3591141932&perks=839105230,1483536627,1523832109,2594592626
dimwishlist:item=3591141932&perks=839105230,1483536627,1563455254,2037312142
dimwishlist:item=3591141932&perks=839105230,1483536627,1563455254,2594592626
dimwishlist:item=3591141932&perks=839105230,1483536627,3418782618,2037312142
dimwishlist:item=3591141932&perks=839105230,1483536627,3418782618,2594592626
dimwishlist:item=2481881293&perks=13792278,689005463,2039302152,1546637391
dimwishlist:item=2481881293&perks=13792278,689005463,1556840489,1546637391
dimwishlist:item=3347946548&perks=839105230,2680121939,424370782,2037312142
dimwishlist:item=3347946548&perks=839105230,2680121939,424370782,2594592626
dimwishlist:item=3347946548&perks=839105230,2680121939,424370782,254337357
dimwishlist:item=3347946548&perks=839105230,2680121939,424370782,1427256713
dimwishlist:item=3347946548&perks=839105230,2680121939,968510818,2037312142
dimwishlist:item=3347946548&perks=839105230,2680121939,968510818,2594592626
dimwishlist:item=3347946548&perks=839105230,2680121939,968510818,254337357
dimwishlist:item=3347946548&perks=839105230,2680121939,968510818,1427256713
dimwishlist:item=1644680957&perks=1840239774,2969185026,2779035018,1427256713
dimwishlist:item=2715240478&perks=1840239774,689005463,3300816228,2978966579
dimwishlist:item=2715240478&perks=1840239774,689005463,1556840489,2978966579
dimwishlist:item=1289796511&perks=1840239774,2680121939,595108252,1720528630
dimwishlist:item=1289796511&perks=1840239774,2680121939,595108252,2173046394
dimwishlist:item=1289796511&perks=1840239774,2680121939,671806388,1720528630
dimwishlist:item=1289796511&perks=1840239774,2680121939,671806388,2173046394
dimwishlist:item=1289796511&perks=1840239774,2680121939,3442762221,1720528630
dimwishlist:item=1289796511&perks=1840239774,2680121939,3442762221,2173046394
dimwishlist:item=1289796511&perks=1840239774,2680121939,1556840489,1720528630
dimwishlist:item=1289796511&perks=1840239774,2680121939,1556840489,2173046394
dimwishlist:item=613334176&perks=3525010810,2822142346,3797647183,598607952
dimwishlist:item=613334176&perks=3525010810,2822142346,3797647183,2396489472
dimwishlist:item=613334176&perks=3525010810,2822142346,2010801679,598607952
dimwishlist:item=613334176&perks=3525010810,2822142346,2010801679,2396489472
dimwishlist:item=613334176&perks=3525010810,2822142346,855168139,598607952
dimwishlist:item=613334176&perks=3525010810,2822142346,855168139,2396489472
dimwishlist:item=613334176&perks=3525010810,2822142346,3108830275,598607952
dimwishlist:item=613334176&perks=3525010810,2822142346,3108830275,2396489472
dimwishlist:item=2306182339&perks=3525010810,3301904089,3300816228,4104185692
dimwishlist:item=2306182339&perks=3525010810,3301904089,3300816228,1546637391
dimwishlist:item=1125217994&perks=3525010810,2822142346,1556840489,3201496230
dimwishlist:item=1125217994&perks=3525010810,2822142346,1556840489,3324494224
dimwishlist:item=1125217994&perks=3525010810,2822142346,3523296417,3201496230
dimwishlist:item=1125217994&perks=3525010810,2822142346,3523296417,3324494224
dimwishlist:item=4096943616&perks=3525010810,2822142346,1409206216,859780267
dimwishlist:item=4096943616&perks=3525010810,2822142346,1409206216,4049631843
dimwishlist:item=4096943616&perks=3525010810,2822142346,1409206216,3007133316
dimwishlist:item=4096943616&perks=3525010810,2822142346,1409206216,4104185692
dimwishlist:item=4096943616&perks=3525010810,2822142346,1583705720,859780267
dimwishlist:item=4096943616&perks=3525010810,2822142346,1583705720,4049631843
dimwishlist:item=4096943616&perks=3525010810,2822142346,1583705720,3007133316
dimwishlist:item=4096943616&perks=3525010810,2822142346,1583705720,4104185692
dimwishlist:item=4096943616&perks=3525010810,2822142346,3528046508,859780267
dimwishlist:item=4096943616&perks=3525010810,2822142346,3528046508,4049631843
dimwishlist:item=4096943616&perks=3525010810,2822142346,3528046508,3007133316
dimwishlist:item=4096943616&perks=3525010810,2822142346,3528046508,4104185692
dimwishlist:item=4096943616&perks=3525010810,2822142346,3300816228,859780267
dimwishlist:item=4096943616&perks=3525010810,2822142346,3300816228,4049631843
dimwishlist:item=4096943616&perks=3525010810,2822142346,3300816228,3007133316
dimwishlist:item=4096943616&perks=3525010810,2822142346,3300816228,4104185692
dimwishlist:item=1606497639&perks=3525010810,2822142346,968510818,11612903
dimwishlist:item=1606497639&perks=3525010810,2822142346,968510818,2610012052
dimwishlist:item=1606497639&perks=3525010810,2822142346,3592538738,11612903
dimwishlist:item=1606497639&perks=3525010810,2822142346,3592538738,2610012052
dimwishlist:item=304659313&perks=3525010810,3032599245,3161816588,4104185692
dimwishlist:item=2378101424&perks=3525010810,3032599245,2039302152,4104185692
dimwishlist:item=2378101424&perks=3525010810,3032599245,2039302152,3300816228
dimwishlist:item=4255586669&perks=3525010810,3032599245,3300816228,960810156
dimwishlist:item=4255586669&perks=3525010810,3032599245,3300816228,4049631843
dimwishlist:item=4255586669&perks=3525010810,3032599245,1556840489,960810156
dimwishlist:item=4255586669&perks=3525010810,3032599245,1556840489,4049631843
dimwishlist:item=4248569242&perks=1840239774,791862061,461595545,3335686050
dimwishlist:item=4248569242&perks=1840239774,791862061,461595545,469285294
dimwishlist:item=4248569242&perks=1840239774,791862061,1523832109,3335686050
dimwishlist:item=4248569242&perks=1840239774,791862061,1523832109,469285294
dimwishlist:item=135029084&perks=1840239774,791862061,461595545,3418165135
dimwishlist:item=135029084&perks=1840239774,791862061,461595545,1546637391
dimwishlist:item=135029084&perks=1840239774,791862061,1523832109,3418165135
dimwishlist:item=135029084&perks=1840239774,791862061,1523832109,1546637391
dimwishlist:item=135029084&perks=1840239774,791862061,424370782,3418165135
dimwishlist:item=135029084&perks=1840239774,791862061,424370782,1546637391
dimwishlist:item=135029084&perks=1840239774,791862061,968510818,3418165135
dimwishlist:item=135029084&perks=1840239774,791862061,968510818,1546637391
dimwishlist:item=1168625549&perks=1300023272,791862061,494941759,781192741
dimwishlist:item=1168625549&perks=1300023272,791862061,494941759,3708227201
dimwishlist:item=1168625549&perks=1300023272,791862061,494941759,331667533
dimwishlist:item=1168625549&perks=1300023272,791862061,494941759,3751912585
dimwishlist:item=1168625549&perks=1300023272,791862061,4071163871,781192741
dimwishlist:item=1168625549&perks=1300023272,791862061,4071163871,3708227201
dimwishlist:item=1168625549&perks=1300023272,791862061,4071163871,331667533
dimwishlist:item=1168625549&perks=1300023272,791862061,4071163871,3751912585
dimwishlist:item=1679868061&perks=1300023272,106909392,191144788,788178929
dimwishlist:item=1679868061&perks=1300023272,106909392,191144788,2679249093
dimwishlist:item=1679868061&perks=1300023272,106909392,3161816588,788178929
dimwishlist:item=1679868061&perks=1300023272,106909392,3161816588,2679249093
dimwishlist:item=2990047042&perks=1840239774,106909392,461595545,3335686050
dimwishlist:item=2990047042&perks=1840239774,106909392,461595545,469285294
dimwishlist:item=2990047042&perks=1840239774,106909392,1523832109,3335686050
dimwishlist:item=2990047042&perks=1840239774,106909392,1523832109,469285294
dimwishlist:item=2990047042&perks=1840239774,106909392,3442762221,3335686050
dimwishlist:item=2990047042&perks=1840239774,106909392,3442762221,469285294
dimwishlist:item=2990047042&perks=1840239774,106909392,1556840489,3335686050
dimwishlist:item=2990047042&perks=1840239774,106909392,1556840489,469285294
dimwishlist:item=2884596447&perks=1840239774,106909392,1563455254,3744057135
dimwishlist:item=2884596447&perks=1840239774,106909392,1563455254,3078487919
dimwishlist:item=2884596447&perks=1840239774,106909392,3418782618,3744057135
dimwishlist:item=2884596447&perks=1840239774,106909392,3418782618,3078487919
dimwishlist:item=2738174948&perks=1840239774,106909392,2284787283,1771339417
dimwishlist:item=2302346155&perks=839105230,106909392,848860060,2402480669
dimwishlist:item=2302346155&perks=839105230,106909392,848860060,2896038713
dimwishlist:item=2302346155&perks=839105230,106909392,1354429876,2402480669
dimwishlist:item=2302346155&perks=839105230,106909392,1354429876,2896038713
dimwishlist:item=2673925403&perks=1840239774,106909392,1354429876,1771339417
dimwishlist:item=2673925403&perks=1840239774,106909392,1354429876,2896038713
dimwishlist:item=2233545123&perks=839105230,2420895100,1354429876,1771339417
dimwishlist:item=2233545123&perks=839105230,2420895100,1354429876,1546637391
dimwishlist:item=2233545123&perks=839105230,2420895100,3300816228,1771339417
dimwishlist:item=2233545123&perks=839105230,2420895100,3300816228,1546637391
dimwishlist:item=548958835&perks=1840239774,2749775325,4245865861,859780267
dimwishlist:item=548958835&perks=1840239774,2749775325,4245865861,4049631843
dimwishlist:item=548958835&perks=1840239774,2749775325,4245865861,2675184851
dimwishlist:item=548958835&perks=1840239774,2749775325,4245865861,4293542123
dimwishlist:item=548958835&perks=1840239774,2749775325,1820235745,859780267
dimwishlist:item=548958835&perks=1840239774,2749775325,1820235745,4049631843
dimwishlist:item=548958835&perks=1840239774,2749775325,1820235745,2675184851
dimwishlist:item=548958835&perks=1840239774,2749775325,1820235745,4293542123
dimwishlist:item=2323544076&perks=1840239774,2749775325,3442762221,2896748467
dimwishlist:item=2323544076&perks=1840239774,2749775325,3442762221,2782457288
dimwishlist:item=2323544076&perks=1840239774,2749775325,3442762221,2541826827
dimwishlist:item=2323544076&perks=1840239774,2749775325,3442762221,776531651
dimwishlist:item=2323544076&perks=1840239774,2749775325,1556840489,2896748467
dimwishlist:item=2323544076&perks=1840239774,2749775325,1556840489,2782457288
dimwishlist:item=2323544076&perks=1840239774,2749775325,1556840489,2541826827
dimwishlist:item=2323544076&perks=1840239774,2749775325,1556840489,776531651
dimwishlist:item=2827764482&perks=1840239774,2749775325,2840833776,859780267
dimwishlist:item=2827764482&perks=1840239774,2749775325,2840833776,4049631843
dimwishlist:item=2827764482&perks=1840239774,2749775325,3700496672,859780267
dimwishlist:item=2827764482&perks=1840239774,2749775325,3700496672,4049631843
dimwishlist:item=2827764482&perks=1840239774,2749775325,4245865861,859780267
dimwishlist:item=2827764482&perks=1840239774,2749775325,4245865861,4049631843
dimwishlist:item=2827764482&perks=1840239774,2749775325,1820235745,859780267
dimwishlist:item=2827764482&perks=1840239774,2749775325,1820235745,4049631843
dimwishlist:item=1311684613&perks=3525010810,2822142346,424370782,598607952
dimwishlist:item=1311684613&perks=3525010810,2822142346,424370782,2396489472
dimwishlist:item=1311684613&perks=3525010810,2822142346,968510818,598607952
dimwishlist:item=1311684613&perks=3525010810,2822142346,968510818,2396489472
dimwishlist:item=1311684613&perks=3525010810,2822142346,2308090567,598607952
dimwishlist:item=1311684613&perks=3525010810,2822142346,2308090567,2396489472
dimwishlist:item=1311684613&perks=3525010810,2822142346,2869569095,598607952
dimwishlist:item=1311684613&perks=3525010810,2822142346,2869569095,2396489472
dimwishlist:item=3915197957&perks=981914802,3301904089,3300816228,3751912585
dimwishlist:item=3915197957&perks=981914802,3301904089,3300816228,3194351027
dimwishlist:item=3915197957&perks=981914802,3301904089,2284787283,3751912585
dimwishlist:item=3915197957&perks=981914802,3301904089,2284787283,3194351027
dimwishlist:item=268260372&perks=981914802,3301904089,3528046508,2275087323
dimwishlist:item=268260372&perks=981914802,3301904089,3528046508,3194351027
dimwishlist:item=268260372&perks=981914802,3301904089,3300816228,2275087323
dimwishlist:item=268260372&perks=981914802,3301904089,3300816228,3194351027
dimwishlist:item=2972949637&perks=981914802,3301904089,424370782,781192741
dimwishlist:item=2972949637&perks=981914802,3301904089,424370782,3708227201
dimwishlist:item=2972949637&perks=981914802,3301904089,968510818,781192741
dimwishlist:item=2972949637&perks=981914802,3301904089,968510818,3708227201
dimwishlist:item=2972949637&perks=981914802,3301904089,461595545,781192741
dimwishlist:item=2972949637&perks=981914802,3301904089,461595545,3708227201
dimwishlist:item=2972949637&perks=981914802,3301904089,1523832109,781192741
dimwishlist:item=2972949637&perks=981914802,3301904089,1523832109,3708227201
dimwishlist:item=999767358&perks=1840239774,2680121939,848860060,3744057135
dimwishlist:item=999767358&perks=1840239774,2680121939,848860060,3078487919
dimwishlist:item=999767358&perks=1840239774,2680121939,1354429876,3744057135
dimwishlist:item=999767358&perks=1840239774,2680121939,1354429876,3078487919
dimwishlist:item=1911060537&perks=1840239774,2680121939,573122728,395388285
dimwishlist:item=1911060537&perks=1840239774,2680121939,573122728,1771339417
dimwishlist:item=1911060537&perks=1840239774,2680121939,573122728,2896038713
dimwishlist:item=1911060537&perks=1840239774,2680121939,3400784728,395388285
dimwishlist:item=1911060537&perks=1840239774,2680121939,3400784728,1771339417
dimwishlist:item=1911060537&perks=1840239774,2680121939,3400784728,2896038713
dimwishlist:item=1491665733&perks=839105230,2680121939,1563455254,781192741
dimwishlist:item=1491665733&perks=839105230,2680121939,1563455254,3708227201
dimwishlist:item=1491665733&perks=839105230,2680121939,3418782618,781192741
dimwishlist:item=1491665733&perks=839105230,2680121939,3418782618,3708227201
dimwishlist:item=1491665733&perks=839105230,2680121939,461595545,781192741
dimwishlist:item=1491665733&perks=839105230,2680121939,461595545,3708227201
dimwishlist:item=1491665733&perks=839105230,2680121939,1523832109,781192741
dimwishlist:item=1491665733&perks=839105230,2680121939,1523832109,3708227201
dimwishlist:item=3325778512&perks=839105230,1968497646,1820235745,4049631843
dimwishlist:item=3325778512&perks=839105230,1968497646,2869569095,4049631843
dimwishlist:item=1642384931&perks=839105230,1968497646,2308090567,2896748467
dimwishlist:item=1642384931&perks=839105230,1968497646,2308090567,2782457288
dimwishlist:item=1642384931&perks=839105230,1968497646,2308090567,4293542123
dimwishlist:item=1642384931&perks=839105230,1968497646,2869569095,2896748467
dimwishlist:item=1642384931&perks=839105230,1968497646,2869569095,2782457288
dimwishlist:item=1642384931&perks=839105230,1968497646,2869569095,4293542123
dimwishlist:item=3796510434&perks=839105230,2420895100,1820235745,4049631843
dimwishlist:item=3796510434&perks=839105230,2420895100,1820235745,11612903
dimwishlist:item=3796510434&perks=839105230,2420895100,3523296417,4049631843
dimwishlist:item=3796510434&perks=839105230,2420895100,3523296417,11612903
dimwishlist:item=3103325054&perks=839105230,2420895100,848860060,2939589096
dimwishlist:item=3103325054&perks=839105230,2420895100,848860060,365154968
dimwishlist:item=3103325054&perks=839105230,2420895100,1354429876,2939589096
dimwishlist:item=3103325054&perks=839105230,2420895100,1354429876,365154968
dimwishlist:item=1866778462&perks=981914802,3796465595,2869569095,2284787283
dimwishlist:item=1866778462&perks=981914802,3796465595,2869569095,3194351027
dimwishlist:item=1866778462&perks=981914802,3796465595,3300816228,2284787283
dimwishlist:item=1866778462&perks=981914802,3796465595,3300816228,3194351027
dimwishlist:item=1851777734&perks=3525010810,3796465595,461595545,3744057135
dimwishlist:item=1851777734&perks=3525010810,3796465595,461595545,3078487919
dimwishlist:item=1851777734&perks=3525010810,3796465595,1523832109,3744057135
dimwishlist:item=1851777734&perks=3525010810,3796465595,1523832109,3078487919
dimwishlist:item=1851777734&perks=3525010810,3796465595,2396422520,3744057135
dimwishlist:item=1851777734&perks=3525010810,3796465595,2396422520,3078487919
dimwishlist:item=1851777734&perks=3525010810,3796465595,2039302152,3744057135
dimwishlist:item=1851777734&perks=3525010810,3796465595,2039302152,3078487919
dimwishlist:item=839786290&perks=3525010810,3796465595,968510818,3078487919
dimwishlist:item=839786290&perks=3525010810,3796465595,968510818,1439600632
dimwishlist:item=3366545721&perks=3666208348,269888150,4085959009,781192741
dimwishlist:item=3366545721&perks=3666208348,269888150,4085959009,3708227201
dimwishlist:item=3366545721&perks=3666208348,269888150,1749209109,781192741
dimwishlist:item=3366545721&perks=3666208348,269888150,1749209109,3708227201
dimwishlist:item=3371413057&perks=3666208348,269888150,4085959009,147913470
dimwishlist:item=3371413057&perks=3666208348,269888150,4085959009,3913600130
dimwishlist:item=3371413057&perks=3666208348,269888150,1749209109,147913470
dimwishlist:item=3371413057&perks=3666208348,269888150,1749209109,3913600130
dimwishlist:item=3257091167&perks=436053704,3625355092,1618208178,147913470
dimwishlist:item=3257091167&perks=436053704,3625355092,1618208178,3913600130
dimwishlist:item=3257091167&perks=436053704,3625355092,1618208178,3007133316
dimwishlist:item=3257091167&perks=436053704,3625355092,1618208178,4104185692
dimwishlist:item=3257091167&perks=436053704,3625355092,2077819806,147913470
dimwishlist:item=3257091167&perks=436053704,3625355092,2077819806,3913600130
dimwishlist:item=3257091167&perks=436053704,3625355092,2077819806,3007133316
dimwishlist:item=3257091167&perks=436053704,3625355092,2077819806,4104185692
